2025-10-05 20:22:31.286688 - Fallback used for Reliance Industries (All keys failed or no keys)
2025-10-06 09:53:02.456518 - Fallback used for NIFTY 50 (No API keys)
2025-10-06 10:00:16.903132 - Fallback used for NIFTY 50 (No API keys)
2025-10-06 10:00:17.653306 - Fallback used for Bank NIFTY (No API keys)
2025-10-06 10:00:18.372102 - Fallback used for SENSEX (No API keys)
2025-10-06 10:00:18.922157 - Fallback used for FINNIFTY (No API keys)
2025-10-06 10:00:19.611990 - Fallback used for Reliance Industries (No API keys)
2025-10-06 10:00:20.527650 - Fallback used for Reliance Industries (No API keys)
2025-10-06 10:00:20.528429 - Fallback used for HDFC Bank (No API keys)
2025-10-06 10:00:20.881847 - Fallback used for HDFC Bank (No API keys)
2025-10-06 10:00:20.882950 - Fallback used for ICICI Bank (No API keys)
2025-10-06 10:00:21.228875 - Fallback used for ICICI Bank (No API keys)
2025-10-06 10:00:21.229954 - Fallback used for Infosys (No API keys)
2025-10-06 10:00:21.581443 - Fallback used for Infosys (No API keys)
2025-10-06 10:00:21.582621 - Fallback used for Tata Consultancy (No API keys)
2025-10-06 10:00:22.004256 - Fallback used for Tata Consultancy (No API keys)
2025-10-06 10:00:22.005658 - Fallback used for Larsen & Toubro (No API keys)
2025-10-06 10:00:22.601595 - Fallback used for Larsen & Toubro (No API keys)
2025-10-06 10:00:22.602591 - Fallback used for Adani Enterprises (No API keys)
2025-10-06 10:00:23.120746 - Fallback used for Adani Enterprises (No API keys)
2025-10-06 10:00:23.122052 - Fallback used for Adani Ports (No API keys)
2025-10-06 10:00:23.651693 - Fallback used for Adani Ports (No API keys)
2025-10-06 10:00:23.652702 - Fallback used for Bajaj Finance (No API keys)
2025-10-06 10:00:24.190615 - Fallback used for Bajaj Finance (No API keys)
2025-10-06 10:00:24.191459 - Fallback used for Maruti Suzuki (No API keys)
2025-10-06 10:00:24.751943 - Fallback used for Maruti Suzuki (No API keys)
2025-10-06 10:00:24.752876 - Fallback used for Tata Motors (No API keys)
2025-10-06 10:00:25.343969 - Fallback used for Tata Motors (No API keys)
2025-10-06 10:00:25.344806 - Fallback used for Hindustan Unilever (No API keys)
2025-10-06 10:00:25.883843 - Fallback used for Hindustan Unilever (No API keys)
2025-10-06 10:00:25.884674 - Fallback used for State Bank of India (No API keys)
2025-10-06 10:00:26.427720 - Fallback used for State Bank of India (No API keys)
2025-10-06 10:00:26.428555 - Fallback used for Axis Bank (No API keys)
2025-10-06 10:00:26.984741 - Fallback used for Axis Bank (No API keys)
2025-10-06 10:00:26.985747 - Fallback used for JSW Steel (No API keys)
2025-10-06 10:00:27.555097 - Fallback used for JSW Steel (No API keys)
2025-10-06 18:09:56.437071 - Fallback used for RELIANCE.NS (No API keys)
2025-10-06 18:09:56.437561 - Fallback used for RELIANCE.NS (No API keys)
2025-10-06 18:09:56.437656 - Fallback used for RELIANCE.NS (No API keys)
2025-10-06 18:09:56.437734 - Fallback used for RELIANCE.NS (No API keys)
2025-10-06 18:09:56.437806 - Fallback used for RELIANCE.NS (No API keys)
2025-10-06 18:09:56.437877 - Fallback used for RELIANCE.NS (No API keys)
2025-10-06 18:09:56.437946 - Fallback used for RELIANCE.NS (No API keys)
2025-10-06 18:09:56.438012 - Fallback used for RELIANCE.NS (No API keys)
2025-10-06 18:09:56.438077 - Fallback used for RELIANCE.NS (No API keys)
2025-10-06 18:09:56.438139 - Fallback used for RELIANCE.NS (No API keys)
2025-10-06 18:09:56.438204 - Fallback used for RELIANCE.NS (No API keys)
2025-10-06 18:09:56.438271 - Fallback used for RELIANCE.NS (No API keys)
2025-10-06 18:09:56.438335 - Fallback used for RELIANCE.NS (No API keys)
2025-10-06 18:09:56.438396 - Fallback used for RELIANCE.NS (No API keys)
2025-10-06 18:09:56.438458 - Fallback used for RELIANCE.NS (No API keys)
2025-10-06 18:09:56.438518 - Fallback used for RELIANCE.NS (No API keys)
2025-10-06 18:09:56.438579 - Fallback used for RELIANCE.NS (No API keys)
2025-10-06 18:09:56.438641 - Fallback used for RELIANCE.NS (No API keys)
2025-10-06 18:09:56.438703 - Fallback used for RELIANCE.NS (No API keys)
2025-10-06 18:09:56.438764 - Fallback used for RELIANCE.NS (No API keys)
2025-10-06 18:09:56.438875 - Fallback used for RELIANCE.NS (No API keys)
2025-10-06 18:09:56.438940 - Fallback used for RELIANCE.NS (No API keys)
2025-10-06 18:09:56.439004 - Fallback used for RELIANCE.NS (No API keys)
2025-10-06 18:09:56.439067 - Fallback used for RELIANCE.NS (No API keys)
2025-10-06 18:09:56.439129 - Fallback used for RELIANCE.NS (No API keys)
2025-10-06 18:09:56.439192 - Fallback used for RELIANCE.NS (No API keys)
2025-10-06 18:09:56.439255 - Fallback used for RELIANCE.NS (No API keys)
2025-10-06 18:09:56.439323 - Fallback used for RELIANCE.NS (No API keys)
2025-10-06 18:09:56.439386 - Fallback used for RELIANCE.NS (No API keys)
2025-10-06 18:09:56.439451 - Fallback used for RELIANCE.NS (No API keys)
2025-10-06 18:09:56.439512 - Fallback used for RELIANCE.NS (No API keys)
2025-10-06 18:09:56.439573 - Fallback used for RELIANCE.NS (No API keys)
2025-10-06 18:09:56.439635 - Fallback used for RELIANCE.NS (No API keys)
2025-10-06 18:09:56.439696 - Fallback used for RELIANCE.NS (No API keys)
2025-10-06 18:09:56.439757 - Fallback used for RELIANCE.NS (No API keys)
2025-10-06 18:09:56.439819 - Fallback used for RELIANCE.NS (No API keys)
2025-10-06 18:09:56.439881 - Fallback used for RELIANCE.NS (No API keys)
2025-10-06 18:09:56.439947 - Fallback used for RELIANCE.NS (No API keys)
2025-10-06 18:09:56.440010 - Fallback used for RELIANCE.NS (No API keys)
2025-10-06 18:09:56.440071 - Fallback used for RELIANCE.NS (No API keys)
2025-10-06 18:09:56.440133 - Fallback used for RELIANCE.NS (No API keys)
2025-10-06 18:09:56.440193 - Fallback used for RELIANCE.NS (No API keys)
2025-10-06 18:09:56.440255 - Fallback used for RELIANCE.NS (No API keys)
2025-10-06 18:09:56.440317 - Fallback used for RELIANCE.NS (No API keys)
2025-10-06 18:09:56.440377 - Fallback used for RELIANCE.NS (No API keys)
2025-10-06 18:09:56.440440 - Fallback used for RELIANCE.NS (No API keys)
2025-10-06 18:09:56.440501 - Fallback used for RELIANCE.NS (No API keys)
2025-10-06 18:09:56.440562 - Fallback used for RELIANCE.NS (No API keys)
2025-10-06 18:09:56.440623 - Fallback used for RELIANCE.NS (No API keys)
2025-10-06 18:09:56.440685 - Fallback used for RELIANCE.NS (No API keys)
2025-10-06 18:09:56.440747 - Fallback used for RELIANCE.NS (No API keys)
2025-10-06 18:09:56.440811 - Fallback used for RELIANCE.NS (No API keys)
2025-10-06 18:09:56.440872 - Fallback used for RELIANCE.NS (No API keys)
2025-10-06 18:09:56.440933 - Fallback used for RELIANCE.NS (No API keys)
2025-10-06 18:09:56.440994 - Fallback used for RELIANCE.NS (No API keys)
2025-10-06 18:09:56.441057 - Fallback used for RELIANCE.NS (No API keys)
2025-10-06 18:09:56.441117 - Fallback used for RELIANCE.NS (No API keys)
2025-10-06 18:09:56.441179 - Fallback used for RELIANCE.NS (No API keys)
2025-10-06 18:09:56.441244 - Fallback used for RELIANCE.NS (No API keys)
2025-10-06 18:09:56.441309 - Fallback used for RELIANCE.NS (No API keys)
2025-10-06 18:09:56.441373 - Fallback used for RELIANCE.NS (No API keys)
2025-10-06 18:09:56.441437 - Fallback used for RELIANCE.NS (No API keys)
2025-10-06 18:09:56.441501 - Fallback used for RELIANCE.NS (No API keys)
2025-10-06 18:09:56.441565 - Fallback used for RELIANCE.NS (No API keys)
2025-10-06 18:09:56.441629 - Fallback used for RELIANCE.NS (No API keys)
2025-10-06 18:09:56.441692 - Fallback used for RELIANCE.NS (No API keys)
2025-10-06 18:09:56.441756 - Fallback used for RELIANCE.NS (No API keys)
2025-10-06 18:09:56.441820 - Fallback used for RELIANCE.NS (No API keys)
2025-10-06 18:09:56.441884 - Fallback used for RELIANCE.NS (No API keys)
2025-10-06 18:09:56.441945 - Fallback used for RELIANCE.NS (No API keys)
2025-10-06 18:09:56.442006 - Fallback used for RELIANCE.NS (No API keys)
2025-10-06 18:09:56.442065 - Fallback used for RELIANCE.NS (No API keys)
2025-10-06 18:09:56.442125 - Fallback used for RELIANCE.NS (No API keys)
2025-10-06 18:09:56.442188 - Fallback used for RELIANCE.NS (No API keys)
2025-10-06 18:09:56.442247 - Fallback used for RELIANCE.NS (No API keys)
2025-10-06 18:09:56.442306 - Fallback used for RELIANCE.NS (No API keys)
2025-10-06 18:09:56.442387 - Fallback used for RELIANCE.NS (No API keys)
2025-10-06 18:09:56.442448 - Fallback used for RELIANCE.NS (No API keys)
2025-10-06 18:09:56.442509 - Fallback used for RELIANCE.NS (No API keys)
2025-10-06 18:09:56.442570 - Fallback used for RELIANCE.NS (No API keys)
2025-10-06 18:09:56.442631 - Fallback used for RELIANCE.NS (No API keys)
2025-10-06 18:09:56.442690 - Fallback used for RELIANCE.NS (No API keys)
2025-10-06 18:09:56.442752 - Fallback used for RELIANCE.NS (No API keys)
2025-10-06 18:09:56.442813 - Fallback used for RELIANCE.NS (No API keys)
2025-10-06 18:09:56.442875 - Fallback used for RELIANCE.NS (No API keys)
2025-10-06 18:09:56.442936 - Fallback used for RELIANCE.NS (No API keys)
2025-10-06 18:09:56.442997 - Fallback used for RELIANCE.NS (No API keys)
2025-10-06 18:09:56.443058 - Fallback used for RELIANCE.NS (No API keys)
2025-10-06 18:09:56.443125 - Fallback used for RELIANCE.NS (No API keys)
2025-10-06 18:09:56.443187 - Fallback used for RELIANCE.NS (No API keys)
2025-10-06 18:09:56.443248 - Fallback used for RELIANCE.NS (No API keys)
2025-10-06 18:09:56.443309 - Fallback used for RELIANCE.NS (No API keys)
2025-10-06 18:09:56.443371 - Fallback used for RELIANCE.NS (No API keys)
2025-10-06 18:09:56.443433 - Fallback used for RELIANCE.NS (No API keys)
2025-10-06 18:09:56.443495 - Fallback used for RELIANCE.NS (No API keys)
2025-10-06 18:09:56.443557 - Fallback used for RELIANCE.NS (No API keys)
2025-10-06 18:09:56.443616 - Fallback used for RELIANCE.NS (No API keys)
2025-10-06 18:09:56.443677 - Fallback used for RELIANCE.NS (No API keys)
2025-10-06 18:09:56.443738 - Fallback used for RELIANCE.NS (No API keys)
2025-10-06 18:09:56.443796 - Fallback used for RELIANCE.NS (No API keys)
2025-10-06 18:09:56.443857 - Fallback used for RELIANCE.NS (No API keys)
2025-10-06 18:09:56.443916 - Fallback used for RELIANCE.NS (No API keys)
2025-10-06 18:09:56.443978 - Fallback used for RELIANCE.NS (No API keys)
2025-10-06 18:09:56.444040 - Fallback used for RELIANCE.NS (No API keys)
2025-10-06 18:09:56.444101 - Fallback used for RELIANCE.NS (No API keys)
2025-10-06 18:09:56.444162 - Fallback used for RELIANCE.NS (No API keys)
2025-10-06 18:09:56.444223 - Fallback used for RELIANCE.NS (No API keys)
2025-10-06 18:09:56.444281 - Fallback used for RELIANCE.NS (No API keys)
2025-10-06 18:09:56.444340 - Fallback used for RELIANCE.NS (No API keys)
2025-10-06 18:09:56.444401 - Fallback used for RELIANCE.NS (No API keys)
2025-10-06 18:09:56.444460 - Fallback used for RELIANCE.NS (No API keys)
2025-10-06 18:09:56.444520 - Fallback used for RELIANCE.NS (No API keys)
2025-10-06 18:09:56.444578 - Fallback used for RELIANCE.NS (No API keys)
2025-10-06 18:09:56.444637 - Fallback used for RELIANCE.NS (No API keys)
2025-10-06 18:09:56.444695 - Fallback used for RELIANCE.NS (No API keys)
2025-10-06 18:09:56.444754 - Fallback used for RELIANCE.NS (No API keys)
2025-10-06 18:09:56.444811 - Fallback used for RELIANCE.NS (No API keys)
2025-10-06 18:09:56.444870 - Fallback used for RELIANCE.NS (No API keys)
2025-10-06 18:09:56.444928 - Fallback used for RELIANCE.NS (No API keys)
2025-10-06 18:09:56.444986 - Fallback used for RELIANCE.NS (No API keys)
2025-10-06 18:09:56.445044 - Fallback used for RELIANCE.NS (No API keys)
2025-10-06 18:09:56.445102 - Fallback used for RELIANCE.NS (No API keys)
2025-10-06 18:09:56.445161 - Fallback used for RELIANCE.NS (No API keys)
2025-10-06 18:09:56.445220 - Fallback used for RELIANCE.NS (No API keys)
2025-10-06 18:09:56.445280 - Fallback used for RELIANCE.NS (No API keys)
2025-10-06 18:09:56.445345 - Fallback used for RELIANCE.NS (No API keys)
2025-10-06 18:09:56.445406 - Fallback used for RELIANCE.NS (No API keys)
2025-10-06 18:09:56.445468 - Fallback used for RELIANCE.NS (No API keys)
2025-10-06 18:09:56.445529 - Fallback used for RELIANCE.NS (No API keys)
2025-10-06 18:09:56.445589 - Fallback used for RELIANCE.NS (No API keys)
2025-10-06 18:09:56.445648 - Fallback used for RELIANCE.NS (No API keys)
2025-10-06 18:09:56.445706 - Fallback used for RELIANCE.NS (No API keys)
2025-10-06 18:09:56.445786 - Fallback used for RELIANCE.NS (No API keys)
2025-10-06 18:09:56.445852 - Fallback used for RELIANCE.NS (No API keys)
2025-10-06 18:09:56.445913 - Fallback used for RELIANCE.NS (No API keys)
2025-10-06 18:09:56.445975 - Fallback used for RELIANCE.NS (No API keys)
2025-10-06 18:09:56.446037 - Fallback used for RELIANCE.NS (No API keys)
2025-10-06 18:09:56.446101 - Fallback used for RELIANCE.NS (No API keys)
2025-10-06 18:09:56.446164 - Fallback used for RELIANCE.NS (No API keys)
2025-10-06 18:09:56.446226 - Fallback used for RELIANCE.NS (No API keys)
2025-10-06 18:09:56.446289 - Fallback used for RELIANCE.NS (No API keys)
2025-10-06 18:09:56.446352 - Fallback used for RELIANCE.NS (No API keys)
2025-10-06 18:09:56.446415 - Fallback used for RELIANCE.NS (No API keys)
2025-10-06 18:09:56.446478 - Fallback used for RELIANCE.NS (No API keys)
2025-10-06 18:09:56.446541 - Fallback used for RELIANCE.NS (No API keys)
2025-10-06 18:09:56.446604 - Fallback used for RELIANCE.NS (No API keys)
2025-10-06 18:09:56.446666 - Fallback used for RELIANCE.NS (No API keys)
2025-10-06 18:09:56.446729 - Fallback used for RELIANCE.NS (No API keys)
2025-10-06 18:09:56.446792 - Fallback used for RELIANCE.NS (No API keys)
2025-10-06 18:09:56.446855 - Fallback used for RELIANCE.NS (No API keys)
2025-10-06 18:09:56.446917 - Fallback used for RELIANCE.NS (No API keys)
2025-10-06 18:09:56.446984 - Fallback used for RELIANCE.NS (No API keys)
2025-10-06 18:09:56.447046 - Fallback used for RELIANCE.NS (No API keys)
2025-10-06 18:09:56.447108 - Fallback used for RELIANCE.NS (No API keys)
2025-10-06 18:09:56.447171 - Fallback used for RELIANCE.NS (No API keys)
2025-10-06 18:09:56.447234 - Fallback used for RELIANCE.NS (No API keys)
2025-10-06 18:09:56.447299 - Fallback used for RELIANCE.NS (No API keys)
2025-10-06 18:09:56.447362 - Fallback used for RELIANCE.NS (No API keys)
2025-10-06 18:09:56.447428 - Fallback used for RELIANCE.NS (No API keys)
2025-10-06 18:09:56.447491 - Fallback used for RELIANCE.NS (No API keys)
2025-10-06 18:09:56.447555 - Fallback used for RELIANCE.NS (No API keys)
2025-10-06 18:09:56.447618 - Fallback used for RELIANCE.NS (No API keys)
2025-10-06 18:09:56.447684 - Fallback used for RELIANCE.NS (No API keys)
2025-10-06 18:09:56.447747 - Fallback used for RELIANCE.NS (No API keys)
2025-10-06 18:09:56.447809 - Fallback used for RELIANCE.NS (No API keys)
2025-10-06 18:09:56.447872 - Fallback used for RELIANCE.NS (No API keys)
2025-10-06 18:09:56.447932 - Fallback used for RELIANCE.NS (No API keys)
2025-10-06 18:09:56.447994 - Fallback used for RELIANCE.NS (No API keys)
2025-10-06 18:09:56.448053 - Fallback used for RELIANCE.NS (No API keys)
2025-10-06 18:09:56.448116 - Fallback used for RELIANCE.NS (No API keys)
2025-10-06 18:09:56.448179 - Fallback used for RELIANCE.NS (No API keys)
2025-10-06 18:09:56.448238 - Fallback used for RELIANCE.NS (No API keys)
2025-10-06 18:09:56.448297 - Fallback used for RELIANCE.NS (No API keys)
2025-10-06 18:09:56.448360 - Fallback used for RELIANCE.NS (No API keys)
2025-10-06 18:09:56.448422 - Fallback used for RELIANCE.NS (No API keys)
2025-10-06 18:09:56.448482 - Fallback used for RELIANCE.NS (No API keys)
2025-10-06 18:09:56.448542 - Fallback used for RELIANCE.NS (No API keys)
2025-10-06 18:09:56.448598 - Fallback used for RELIANCE.NS (No API keys)
2025-10-06 18:09:56.448656 - Fallback used for RELIANCE.NS (No API keys)
2025-10-06 18:09:56.448714 - Fallback used for RELIANCE.NS (No API keys)
2025-10-06 18:09:56.448771 - Fallback used for RELIANCE.NS (No API keys)
2025-10-06 18:09:56.448827 - Fallback used for RELIANCE.NS (No API keys)
2025-10-06 18:09:56.448884 - Fallback used for RELIANCE.NS (No API keys)
2025-10-06 18:09:56.448941 - Fallback used for RELIANCE.NS (No API keys)
2025-10-06 18:09:56.448999 - Fallback used for RELIANCE.NS (No API keys)
2025-10-06 18:09:56.449056 - Fallback used for RELIANCE.NS (No API keys)
2025-10-06 18:09:56.449113 - Fallback used for RELIANCE.NS (No API keys)
2025-10-06 18:09:56.449170 - Fallback used for RELIANCE.NS (No API keys)
2025-10-06 18:09:56.449247 - Fallback used for RELIANCE.NS (No API keys)
2025-10-06 18:09:56.449302 - Fallback used for RELIANCE.NS (No API keys)
2025-10-06 18:09:56.449357 - Fallback used for RELIANCE.NS (No API keys)
2025-10-06 18:09:56.449412 - Fallback used for RELIANCE.NS (No API keys)
2025-10-06 18:09:56.449469 - Fallback used for RELIANCE.NS (No API keys)
2025-10-06 18:09:56.449523 - Fallback used for RELIANCE.NS (No API keys)
2025-10-06 18:09:56.449578 - Fallback used for RELIANCE.NS (No API keys)
2025-10-06 18:09:56.449633 - Fallback used for RELIANCE.NS (No API keys)
2025-10-06 18:09:56.449688 - Fallback used for RELIANCE.NS (No API keys)
2025-10-06 18:09:56.449742 - Fallback used for RELIANCE.NS (No API keys)
2025-10-06 18:09:56.449797 - Fallback used for RELIANCE.NS (No API keys)
2025-10-06 18:09:56.449850 - Fallback used for RELIANCE.NS (No API keys)
2025-10-06 18:09:56.449918 - Fallback used for RELIANCE.NS (No API keys)
2025-10-06 18:09:56.449971 - Fallback used for RELIANCE.NS (No API keys)
2025-10-06 18:09:56.450024 - Fallback used for RELIANCE.NS (No API keys)
2025-10-06 18:09:56.450077 - Fallback used for RELIANCE.NS (No API keys)
2025-10-06 18:09:56.450133 - Fallback used for RELIANCE.NS (No API keys)
2025-10-06 18:09:56.450185 - Fallback used for RELIANCE.NS (No API keys)
2025-10-06 18:09:56.450241 - Fallback used for RELIANCE.NS (No API keys)
2025-10-06 18:09:56.450295 - Fallback used for RELIANCE.NS (No API keys)
2025-10-06 18:09:56.450350 - Fallback used for RELIANCE.NS (No API keys)
2025-10-06 18:09:56.450405 - Fallback used for RELIANCE.NS (No API keys)
2025-10-06 18:09:56.450459 - Fallback used for RELIANCE.NS (No API keys)
2025-10-06 18:09:56.450514 - Fallback used for RELIANCE.NS (No API keys)
2025-10-06 18:09:56.450570 - Fallback used for RELIANCE.NS (No API keys)
2025-10-06 18:09:56.450624 - Fallback used for RELIANCE.NS (No API keys)
2025-10-06 18:09:56.450679 - Fallback used for RELIANCE.NS (No API keys)
2025-10-06 18:09:56.450733 - Fallback used for RELIANCE.NS (No API keys)
2025-10-06 18:09:56.450788 - Fallback used for RELIANCE.NS (No API keys)
2025-10-06 18:09:56.450842 - Fallback used for RELIANCE.NS (No API keys)
2025-10-06 18:09:56.450896 - Fallback used for RELIANCE.NS (No API keys)
2025-10-06 18:09:56.450951 - Fallback used for RELIANCE.NS (No API keys)
2025-10-06 18:09:56.451006 - Fallback used for RELIANCE.NS (No API keys)
2025-10-06 18:09:56.451061 - Fallback used for RELIANCE.NS (No API keys)
2025-10-06 18:09:56.451116 - Fallback used for RELIANCE.NS (No API keys)
2025-10-06 18:09:56.451171 - Fallback used for RELIANCE.NS (No API keys)
2025-10-06 18:09:56.451226 - Fallback used for RELIANCE.NS (No API keys)
2025-10-06 18:09:56.451280 - Fallback used for RELIANCE.NS (No API keys)
2025-10-06 18:09:56.451335 - Fallback used for RELIANCE.NS (No API keys)
2025-10-06 18:09:56.451389 - Fallback used for RELIANCE.NS (No API keys)
2025-10-06 18:09:56.451444 - Fallback used for RELIANCE.NS (No API keys)
2025-10-06 18:09:56.451499 - Fallback used for RELIANCE.NS (No API keys)
2025-10-06 18:09:56.451554 - Fallback used for RELIANCE.NS (No API keys)
2025-10-06 18:09:56.451609 - Fallback used for RELIANCE.NS (No API keys)
2025-10-06 18:09:56.451663 - Fallback used for RELIANCE.NS (No API keys)
2025-10-06 18:09:56.451718 - Fallback used for RELIANCE.NS (No API keys)
2025-10-06 18:09:56.451771 - Fallback used for RELIANCE.NS (No API keys)
2025-10-06 18:09:56.451826 - Fallback used for RELIANCE.NS (No API keys)
2025-10-06 18:09:56.451881 - Fallback used for RELIANCE.NS (No API keys)
2025-10-06 18:09:56.451935 - Fallback used for RELIANCE.NS (No API keys)
2025-10-06 18:09:56.451990 - Fallback used for RELIANCE.NS (No API keys)
2025-10-06 18:09:56.452048 - Fallback used for RELIANCE.NS (No API keys)
2025-10-06 18:09:56.452102 - Fallback used for RELIANCE.NS (No API keys)
2025-10-06 18:09:56.452157 - Fallback used for RELIANCE.NS (No API keys)
2025-10-06 18:09:56.452211 - Fallback used for RELIANCE.NS (No API keys)
2025-10-06 18:09:56.452267 - Fallback used for RELIANCE.NS (No API keys)
2025-10-06 18:09:56.452341 - Fallback used for RELIANCE.NS (No API keys)
2025-10-06 18:09:56.452397 - Fallback used for RELIANCE.NS (No API keys)
2025-10-06 18:09:56.452454 - Fallback used for RELIANCE.NS (No API keys)
2025-10-06 18:09:56.452511 - Fallback used for RELIANCE.NS (No API keys)
2025-10-06 18:09:56.452568 - Fallback used for RELIANCE.NS (No API keys)
2025-10-06 18:09:56.452626 - Fallback used for RELIANCE.NS (No API keys)
2025-10-06 18:09:56.452683 - Fallback used for RELIANCE.NS (No API keys)
2025-10-06 18:09:56.452741 - Fallback used for RELIANCE.NS (No API keys)
2025-10-06 18:09:56.452797 - Fallback used for RELIANCE.NS (No API keys)
2025-10-06 18:09:56.452854 - Fallback used for RELIANCE.NS (No API keys)
2025-10-06 18:09:56.452911 - Fallback used for RELIANCE.NS (No API keys)
2025-10-06 18:09:56.452969 - Fallback used for RELIANCE.NS (No API keys)
2025-10-06 18:09:56.453031 - Fallback used for RELIANCE.NS (No API keys)
2025-10-06 18:09:56.453092 - Fallback used for RELIANCE.NS (No API keys)
2025-10-06 18:09:56.453149 - Fallback used for RELIANCE.NS (No API keys)
2025-10-06 18:09:56.453207 - Fallback used for RELIANCE.NS (No API keys)
2025-10-06 18:09:56.453265 - Fallback used for RELIANCE.NS (No API keys)
2025-10-06 18:09:56.453322 - Fallback used for RELIANCE.NS (No API keys)
2025-10-06 18:09:56.453379 - Fallback used for RELIANCE.NS (No API keys)
2025-10-06 18:09:56.453436 - Fallback used for RELIANCE.NS (No API keys)
2025-10-06 18:09:56.453492 - Fallback used for RELIANCE.NS (No API keys)
2025-10-06 18:09:56.453548 - Fallback used for RELIANCE.NS (No API keys)
2025-10-06 18:09:56.453605 - Fallback used for RELIANCE.NS (No API keys)
2025-10-06 18:09:56.453662 - Fallback used for RELIANCE.NS (No API keys)
2025-10-06 18:09:56.453719 - Fallback used for RELIANCE.NS (No API keys)
2025-10-06 18:09:56.453777 - Fallback used for RELIANCE.NS (No API keys)
2025-10-06 18:09:56.453833 - Fallback used for RELIANCE.NS (No API keys)
2025-10-06 18:09:56.453888 - Fallback used for RELIANCE.NS (No API keys)
2025-10-06 18:09:56.453942 - Fallback used for RELIANCE.NS (No API keys)
2025-10-06 18:09:56.453996 - Fallback used for RELIANCE.NS (No API keys)
2025-10-06 18:09:56.454051 - Fallback used for RELIANCE.NS (No API keys)
2025-10-06 18:09:56.454105 - Fallback used for RELIANCE.NS (No API keys)
2025-10-06 18:09:56.454159 - Fallback used for RELIANCE.NS (No API keys)
2025-10-06 18:09:56.454213 - Fallback used for RELIANCE.NS (No API keys)
2025-10-06 18:09:56.454267 - Fallback used for RELIANCE.NS (No API keys)
2025-10-06 18:09:56.454321 - Fallback used for RELIANCE.NS (No API keys)
2025-10-06 18:09:56.454374 - Fallback used for RELIANCE.NS (No API keys)
2025-10-06 18:09:56.454428 - Fallback used for RELIANCE.NS (No API keys)
2025-10-06 18:09:56.454482 - Fallback used for RELIANCE.NS (No API keys)
2025-10-06 18:09:56.454535 - Fallback used for RELIANCE.NS (No API keys)
2025-10-06 18:09:56.454589 - Fallback used for RELIANCE.NS (No API keys)
2025-10-06 18:09:56.454642 - Fallback used for RELIANCE.NS (No API keys)
2025-10-06 18:09:56.454696 - Fallback used for RELIANCE.NS (No API keys)
2025-10-06 18:09:56.454750 - Fallback used for RELIANCE.NS (No API keys)
2025-10-06 18:09:56.454804 - Fallback used for RELIANCE.NS (No API keys)
2025-10-06 18:09:56.454858 - Fallback used for RELIANCE.NS (No API keys)
2025-10-06 18:09:56.454912 - Fallback used for RELIANCE.NS (No API keys)
2025-10-06 18:09:56.454975 - Fallback used for RELIANCE.NS (No API keys)
2025-10-06 18:09:56.455029 - Fallback used for RELIANCE.NS (No API keys)
2025-10-06 18:09:56.455083 - Fallback used for RELIANCE.NS (No API keys)
2025-10-06 18:09:56.455136 - Fallback used for RELIANCE.NS (No API keys)
2025-10-06 18:09:56.455189 - Fallback used for RELIANCE.NS (No API keys)
2025-10-06 18:09:56.455242 - Fallback used for RELIANCE.NS (No API keys)
2025-10-06 18:09:56.455296 - Fallback used for RELIANCE.NS (No API keys)
2025-10-06 18:09:56.455351 - Fallback used for RELIANCE.NS (No API keys)
2025-10-06 18:09:56.455404 - Fallback used for RELIANCE.NS (No API keys)
2025-10-06 18:09:56.455475 - Fallback used for RELIANCE.NS (No API keys)
2025-10-06 18:09:56.455531 - Fallback used for RELIANCE.NS (No API keys)
2025-10-06 18:09:56.455587 - Fallback used for RELIANCE.NS (No API keys)
2025-10-06 18:09:56.455643 - Fallback used for RELIANCE.NS (No API keys)
2025-10-06 18:09:56.455699 - Fallback used for RELIANCE.NS (No API keys)
2025-10-06 18:09:56.455754 - Fallback used for RELIANCE.NS (No API keys)
2025-10-06 18:09:56.455811 - Fallback used for RELIANCE.NS (No API keys)
2025-10-06 18:09:56.455866 - Fallback used for RELIANCE.NS (No API keys)
2025-10-06 18:09:56.455924 - Fallback used for RELIANCE.NS (No API keys)
2025-10-06 18:09:56.455980 - Fallback used for RELIANCE.NS (No API keys)
2025-10-06 18:09:56.456039 - Fallback used for RELIANCE.NS (No API keys)
2025-10-06 18:09:56.456097 - Fallback used for RELIANCE.NS (No API keys)
2025-10-06 18:09:56.456152 - Fallback used for RELIANCE.NS (No API keys)
2025-10-06 18:09:56.456207 - Fallback used for RELIANCE.NS (No API keys)
2025-10-06 18:09:56.456263 - Fallback used for RELIANCE.NS (No API keys)
2025-10-06 18:09:56.456318 - Fallback used for RELIANCE.NS (No API keys)
2025-10-06 18:09:56.456374 - Fallback used for RELIANCE.NS (No API keys)
2025-10-06 18:09:56.456430 - Fallback used for RELIANCE.NS (No API keys)
2025-10-06 18:09:56.456485 - Fallback used for RELIANCE.NS (No API keys)
2025-10-06 18:09:56.456541 - Fallback used for RELIANCE.NS (No API keys)
2025-10-06 18:09:56.456596 - Fallback used for RELIANCE.NS (No API keys)
2025-10-06 18:09:56.456651 - Fallback used for RELIANCE.NS (No API keys)
2025-10-06 18:09:56.456706 - Fallback used for RELIANCE.NS (No API keys)
2025-10-06 18:09:56.456761 - Fallback used for RELIANCE.NS (No API keys)
2025-10-06 18:09:56.456817 - Fallback used for RELIANCE.NS (No API keys)
2025-10-06 18:09:56.456872 - Fallback used for RELIANCE.NS (No API keys)
2025-10-06 18:09:56.456927 - Fallback used for RELIANCE.NS (No API keys)
2025-10-06 18:09:56.456983 - Fallback used for RELIANCE.NS (No API keys)
2025-10-06 18:09:56.457040 - Fallback used for RELIANCE.NS (No API keys)
2025-10-06 18:09:56.457095 - Fallback used for RELIANCE.NS (No API keys)
2025-10-06 18:09:56.457149 - Fallback used for RELIANCE.NS (No API keys)
2025-10-06 18:09:56.457201 - Fallback used for RELIANCE.NS (No API keys)
2025-10-06 18:09:56.457255 - Fallback used for RELIANCE.NS (No API keys)
2025-10-06 18:09:56.457308 - Fallback used for RELIANCE.NS (No API keys)
2025-10-06 18:09:56.457362 - Fallback used for RELIANCE.NS (No API keys)
2025-10-06 18:09:56.457415 - Fallback used for RELIANCE.NS (No API keys)
2025-10-06 18:09:56.457467 - Fallback used for RELIANCE.NS (No API keys)
2025-10-06 18:09:56.457521 - Fallback used for RELIANCE.NS (No API keys)
2025-10-06 18:09:56.457573 - Fallback used for RELIANCE.NS (No API keys)
2025-10-06 18:09:56.457626 - Fallback used for RELIANCE.NS (No API keys)
2025-10-06 18:09:56.457679 - Fallback used for RELIANCE.NS (No API keys)
2025-10-06 18:09:56.457733 - Fallback used for RELIANCE.NS (No API keys)
2025-10-06 18:09:56.457786 - Fallback used for RELIANCE.NS (No API keys)
2025-10-06 18:09:56.457839 - Fallback used for RELIANCE.NS (No API keys)
2025-10-06 18:09:56.457892 - Fallback used for RELIANCE.NS (No API keys)
2025-10-06 18:09:56.457944 - Fallback used for RELIANCE.NS (No API keys)
2025-10-06 18:09:56.457997 - Fallback used for RELIANCE.NS (No API keys)
2025-10-06 18:09:56.458049 - Fallback used for RELIANCE.NS (No API keys)
2025-10-06 18:09:56.458115 - Fallback used for RELIANCE.NS (No API keys)
2025-10-06 18:09:56.458170 - Fallback used for RELIANCE.NS (No API keys)
2025-10-06 18:09:56.458228 - Fallback used for RELIANCE.NS (No API keys)
2025-10-06 18:09:56.458281 - Fallback used for RELIANCE.NS (No API keys)
2025-10-06 18:09:56.458336 - Fallback used for RELIANCE.NS (No API keys)
2025-10-06 18:09:56.458392 - Fallback used for RELIANCE.NS (No API keys)
2025-10-06 18:09:56.458448 - Fallback used for RELIANCE.NS (No API keys)
2025-10-06 18:09:56.458503 - Fallback used for RELIANCE.NS (No API keys)
2025-10-06 18:09:56.458581 - Fallback used for RELIANCE.NS (No API keys)
2025-10-06 18:09:56.458641 - Fallback used for RELIANCE.NS (No API keys)
2025-10-06 18:09:56.458698 - Fallback used for RELIANCE.NS (No API keys)
2025-10-06 18:09:56.458755 - Fallback used for RELIANCE.NS (No API keys)
2025-10-06 18:09:56.458815 - Fallback used for RELIANCE.NS (No API keys)
2025-10-06 18:09:56.458880 - Fallback used for RELIANCE.NS (No API keys)
2025-10-06 18:09:56.458940 - Fallback used for RELIANCE.NS (No API keys)
2025-10-06 18:09:56.458996 - Fallback used for RELIANCE.NS (No API keys)
2025-10-06 18:09:56.459058 - Fallback used for RELIANCE.NS (No API keys)
2025-10-06 18:09:56.459117 - Fallback used for RELIANCE.NS (No API keys)
2025-10-06 18:09:56.459175 - Fallback used for RELIANCE.NS (No API keys)
2025-10-06 18:09:56.459232 - Fallback used for RELIANCE.NS (No API keys)
2025-10-06 18:09:56.459292 - Fallback used for RELIANCE.NS (No API keys)
2025-10-06 18:09:56.459352 - Fallback used for RELIANCE.NS (No API keys)
2025-10-06 18:09:56.459409 - Fallback used for RELIANCE.NS (No API keys)
2025-10-06 18:09:56.459472 - Fallback used for RELIANCE.NS (No API keys)
2025-10-06 18:09:56.459530 - Fallback used for RELIANCE.NS (No API keys)
2025-10-06 18:09:56.459589 - Fallback used for RELIANCE.NS (No API keys)
2025-10-06 18:09:56.459655 - Fallback used for RELIANCE.NS (No API keys)
2025-10-06 18:09:56.459726 - Fallback used for RELIANCE.NS (No API keys)
2025-10-06 18:09:56.459787 - Fallback used for RELIANCE.NS (No API keys)
2025-10-06 18:09:56.459843 - Fallback used for RELIANCE.NS (No API keys)
2025-10-06 18:09:56.459898 - Fallback used for RELIANCE.NS (No API keys)
2025-10-06 18:09:56.459953 - Fallback used for RELIANCE.NS (No API keys)
2025-10-06 18:09:56.460011 - Fallback used for RELIANCE.NS (No API keys)
2025-10-06 18:09:56.460067 - Fallback used for RELIANCE.NS (No API keys)
2025-10-06 18:09:56.460122 - Fallback used for RELIANCE.NS (No API keys)
2025-10-06 18:09:56.460180 - Fallback used for RELIANCE.NS (No API keys)
2025-10-06 18:09:56.460237 - Fallback used for RELIANCE.NS (No API keys)
2025-10-06 18:09:56.460292 - Fallback used for RELIANCE.NS (No API keys)
2025-10-06 18:09:56.460351 - Fallback used for RELIANCE.NS (No API keys)
2025-10-06 18:09:56.460408 - Fallback used for RELIANCE.NS (No API keys)
2025-10-06 18:09:56.460466 - Fallback used for RELIANCE.NS (No API keys)
2025-10-06 18:09:56.460521 - Fallback used for RELIANCE.NS (No API keys)
2025-10-06 18:09:56.460576 - Fallback used for RELIANCE.NS (No API keys)
2025-10-06 18:09:56.460638 - Fallback used for RELIANCE.NS (No API keys)
2025-10-06 18:09:56.460696 - Fallback used for RELIANCE.NS (No API keys)
2025-10-06 18:09:56.460765 - Fallback used for RELIANCE.NS (No API keys)
2025-10-06 18:09:56.460833 - Fallback used for RELIANCE.NS (No API keys)
2025-10-06 18:09:56.460887 - Fallback used for RELIANCE.NS (No API keys)
2025-10-06 18:09:56.460939 - Fallback used for RELIANCE.NS (No API keys)
2025-10-06 18:09:56.460991 - Fallback used for RELIANCE.NS (No API keys)
2025-10-06 18:09:56.461043 - Fallback used for RELIANCE.NS (No API keys)
2025-10-06 18:09:56.461096 - Fallback used for RELIANCE.NS (No API keys)
2025-10-06 18:09:56.461149 - Fallback used for RELIANCE.NS (No API keys)
2025-10-06 18:09:56.461202 - Fallback used for RELIANCE.NS (No API keys)
2025-10-06 18:09:56.461255 - Fallback used for RELIANCE.NS (No API keys)
2025-10-06 18:09:56.461307 - Fallback used for RELIANCE.NS (No API keys)
2025-10-06 18:09:56.461360 - Fallback used for RELIANCE.NS (No API keys)
2025-10-06 18:09:56.461428 - Fallback used for RELIANCE.NS (No API keys)
2025-10-06 18:09:56.461481 - Fallback used for RELIANCE.NS (No API keys)
2025-10-06 18:09:56.461534 - Fallback used for RELIANCE.NS (No API keys)
2025-10-06 18:09:56.461587 - Fallback used for RELIANCE.NS (No API keys)
2025-10-06 18:09:56.461639 - Fallback used for RELIANCE.NS (No API keys)
2025-10-06 18:09:56.461692 - Fallback used for RELIANCE.NS (No API keys)
2025-10-06 18:09:56.461745 - Fallback used for RELIANCE.NS (No API keys)
2025-10-06 18:09:56.461815 - Fallback used for RELIANCE.NS (No API keys)
2025-10-06 18:09:56.461863 - Fallback used for RELIANCE.NS (No API keys)
2025-10-06 18:09:56.461912 - Fallback used for RELIANCE.NS (No API keys)
2025-10-06 18:09:56.461960 - Fallback used for RELIANCE.NS (No API keys)
2025-10-06 18:09:56.462008 - Fallback used for RELIANCE.NS (No API keys)
2025-10-06 18:09:56.462055 - Fallback used for RELIANCE.NS (No API keys)
2025-10-06 18:09:56.462103 - Fallback used for RELIANCE.NS (No API keys)
2025-10-06 18:09:56.462150 - Fallback used for RELIANCE.NS (No API keys)
2025-10-06 18:09:56.462199 - Fallback used for RELIANCE.NS (No API keys)
2025-10-06 18:09:56.462247 - Fallback used for RELIANCE.NS (No API keys)
2025-10-06 18:09:56.462295 - Fallback used for RELIANCE.NS (No API keys)
2025-10-06 18:09:56.462343 - Fallback used for RELIANCE.NS (No API keys)
2025-10-06 18:09:56.462391 - Fallback used for RELIANCE.NS (No API keys)
2025-10-06 18:09:56.462439 - Fallback used for RELIANCE.NS (No API keys)
2025-10-06 18:09:56.462487 - Fallback used for RELIANCE.NS (No API keys)
2025-10-06 18:09:56.462535 - Fallback used for RELIANCE.NS (No API keys)
2025-10-06 18:09:56.462582 - Fallback used for RELIANCE.NS (No API keys)
2025-10-06 18:09:56.462630 - Fallback used for RELIANCE.NS (No API keys)
2025-10-06 18:09:56.462678 - Fallback used for RELIANCE.NS (No API keys)
2025-10-06 18:09:56.462725 - Fallback used for RELIANCE.NS (No API keys)
2025-10-06 18:09:56.462776 - Fallback used for RELIANCE.NS (No API keys)
2025-10-06 18:09:56.462827 - Fallback used for RELIANCE.NS (No API keys)
2025-10-06 18:09:56.462874 - Fallback used for RELIANCE.NS (No API keys)
2025-10-06 18:09:56.462925 - Fallback used for RELIANCE.NS (No API keys)
2025-10-06 18:09:56.462975 - Fallback used for RELIANCE.NS (No API keys)
2025-10-06 18:09:56.463027 - Fallback used for RELIANCE.NS (No API keys)
2025-10-06 18:09:56.463078 - Fallback used for RELIANCE.NS (No API keys)
2025-10-06 18:09:56.463128 - Fallback used for RELIANCE.NS (No API keys)
2025-10-06 18:09:56.463179 - Fallback used for RELIANCE.NS (No API keys)
2025-10-06 18:09:56.463230 - Fallback used for RELIANCE.NS (No API keys)
2025-10-06 18:09:56.463281 - Fallback used for RELIANCE.NS (No API keys)
2025-10-06 18:09:56.463332 - Fallback used for RELIANCE.NS (No API keys)
2025-10-06 18:09:56.463383 - Fallback used for RELIANCE.NS (No API keys)
2025-10-06 18:09:56.463434 - Fallback used for RELIANCE.NS (No API keys)
2025-10-06 18:09:56.463485 - Fallback used for RELIANCE.NS (No API keys)
2025-10-06 18:09:56.463536 - Fallback used for RELIANCE.NS (No API keys)
2025-10-06 18:09:56.463586 - Fallback used for RELIANCE.NS (No API keys)
2025-10-06 18:09:56.463636 - Fallback used for RELIANCE.NS (No API keys)
2025-10-06 18:09:56.463687 - Fallback used for RELIANCE.NS (No API keys)
2025-10-06 18:09:56.463737 - Fallback used for RELIANCE.NS (No API keys)
2025-10-06 18:09:56.463788 - Fallback used for RELIANCE.NS (No API keys)
2025-10-06 18:09:56.463839 - Fallback used for RELIANCE.NS (No API keys)
2025-10-06 18:09:56.463889 - Fallback used for RELIANCE.NS (No API keys)
2025-10-06 18:09:56.463940 - Fallback used for RELIANCE.NS (No API keys)
2025-10-06 18:09:56.463990 - Fallback used for RELIANCE.NS (No API keys)
2025-10-06 18:09:56.464041 - Fallback used for RELIANCE.NS (No API keys)
2025-10-06 18:09:56.464091 - Fallback used for RELIANCE.NS (No API keys)
2025-10-06 18:09:56.464141 - Fallback used for RELIANCE.NS (No API keys)
2025-10-06 18:09:56.464192 - Fallback used for RELIANCE.NS (No API keys)
2025-10-06 18:09:56.464243 - Fallback used for RELIANCE.NS (No API keys)
2025-10-06 18:09:56.464294 - Fallback used for RELIANCE.NS (No API keys)
2025-10-06 18:09:56.464345 - Fallback used for RELIANCE.NS (No API keys)
2025-10-06 18:09:56.464396 - Fallback used for RELIANCE.NS (No API keys)
2025-10-06 18:09:56.464447 - Fallback used for RELIANCE.NS (No API keys)
2025-10-06 18:09:56.464497 - Fallback used for RELIANCE.NS (No API keys)
2025-10-06 18:09:56.464547 - Fallback used for RELIANCE.NS (No API keys)
2025-10-06 18:09:56.464597 - Fallback used for RELIANCE.NS (No API keys)
2025-10-06 18:09:56.464667 - Fallback used for RELIANCE.NS (No API keys)
2025-10-06 18:09:56.464718 - Fallback used for RELIANCE.NS (No API keys)
2025-10-06 18:09:56.464769 - Fallback used for RELIANCE.NS (No API keys)
2025-10-06 18:09:56.464819 - Fallback used for RELIANCE.NS (No API keys)
2025-10-06 18:09:56.464870 - Fallback used for RELIANCE.NS (No API keys)
2025-10-06 18:09:56.464921 - Fallback used for RELIANCE.NS (No API keys)
2025-10-06 18:09:56.464971 - Fallback used for RELIANCE.NS (No API keys)
2025-10-06 18:09:56.465021 - Fallback used for RELIANCE.NS (No API keys)
2025-10-06 18:09:56.465069 - Fallback used for RELIANCE.NS (No API keys)
2025-10-06 18:09:56.465120 - Fallback used for RELIANCE.NS (No API keys)
2025-10-06 18:09:56.465171 - Fallback used for RELIANCE.NS (No API keys)
2025-10-06 18:09:56.465221 - Fallback used for RELIANCE.NS (No API keys)
2025-10-06 18:09:56.465272 - Fallback used for RELIANCE.NS (No API keys)
2025-10-06 18:09:56.465322 - Fallback used for RELIANCE.NS (No API keys)
2025-10-06 18:09:56.465373 - Fallback used for RELIANCE.NS (No API keys)
2025-10-06 18:09:56.465424 - Fallback used for RELIANCE.NS (No API keys)
2025-10-06 18:09:56.465474 - Fallback used for RELIANCE.NS (No API keys)
2025-10-06 18:09:56.465525 - Fallback used for RELIANCE.NS (No API keys)
2025-10-06 18:09:56.465575 - Fallback used for RELIANCE.NS (No API keys)
2025-10-06 18:09:56.465626 - Fallback used for RELIANCE.NS (No API keys)
2025-10-06 18:09:56.465675 - Fallback used for RELIANCE.NS (No API keys)
2025-10-06 18:09:56.465725 - Fallback used for RELIANCE.NS (No API keys)
2025-10-06 18:09:56.465774 - Fallback used for RELIANCE.NS (No API keys)
2025-10-06 18:09:56.465823 - Fallback used for RELIANCE.NS (No API keys)
2025-10-06 18:09:56.465872 - Fallback used for RELIANCE.NS (No API keys)
2025-10-06 18:09:56.465921 - Fallback used for RELIANCE.NS (No API keys)
2025-10-06 18:09:56.465971 - Fallback used for RELIANCE.NS (No API keys)
2025-10-06 18:09:56.466019 - Fallback used for RELIANCE.NS (No API keys)
2025-10-06 18:09:56.466068 - Fallback used for RELIANCE.NS (No API keys)
2025-10-06 18:09:56.466116 - Fallback used for RELIANCE.NS (No API keys)
2025-10-06 18:09:56.466171 - Fallback used for RELIANCE.NS (No API keys)
2025-10-06 18:09:56.466218 - Fallback used for RELIANCE.NS (No API keys)
2025-10-06 18:09:56.466263 - Fallback used for RELIANCE.NS (No API keys)
2025-10-06 18:09:56.466310 - Fallback used for RELIANCE.NS (No API keys)
2025-10-06 18:09:56.466356 - Fallback used for RELIANCE.NS (No API keys)
2025-10-06 18:09:56.466402 - Fallback used for RELIANCE.NS (No API keys)
2025-10-06 18:09:56.466449 - Fallback used for RELIANCE.NS (No API keys)
2025-10-06 18:09:56.466495 - Fallback used for RELIANCE.NS (No API keys)
2025-10-06 18:09:56.466541 - Fallback used for RELIANCE.NS (No API keys)
2025-10-06 18:09:56.466587 - Fallback used for RELIANCE.NS (No API keys)
2025-10-06 18:09:56.466641 - Fallback used for RELIANCE.NS (No API keys)
